0,668
30,6
28,2
21,7
21,6
21,2
21,1
21,5
20,5
20,2
20,1
19,10
19,9
19,8
19,7
19,6
19,5
13,28
19,2
13,72
19,1
18,2
13,20
17,2
16,8
16,7
16,1
15,2
16,6
14,10
16,2
14,2
16,5
13,130
13,129
13,128
13,77
13,73
13,71
13,70
13,69
13,68
13,67
13,65
13,64
13,63
13,61
13,59
13,57
13,56
13,55
13,54
13,53
13,52
13,51
13,49
13,48
13,47
13,46
13,44
13,43
13,41
13,40
13,38
13,37
13,36
13,32
13,30
13,29
13,26
13,24
13,23
13,22
2,2
2,1
13,21
2,5
13,19
13,18
13,16
13,13
13,12
13,10
13,9
13,2
17,5
17,8
12,5
17,7
12,2
17,1
12,1
17,6
10,39
10,38
10,36
10,34
10,32
10,31
13,25
10,29
10,27
10,26
13,35
10,22
10,17
14,8
13,8
10,16
10,14
13,62
10,13
10,12
15,8
13,7
14,9
10,11
14,5
10,10
14,7
10,9
13,60
14,1
10,8
14,6
10,7
10,6
13,1
10,5
10,2
13,75
10,1
28,10
13,5
15,9
8,7
15,5
28,9
8,6
13,6
15,7
8,5
28,8
8,2
15,1
28,7
8,1
18,5
15,6
18,7
6,6
18,1
28,5
6,5
18,6
29,1
28,1
6,2
29,5
6,1
